
    model = "Linear"
    epochs = 3
    sigma = 0.01
    mae = 0.14836423099040985
    val_mae =  0.18602775037288666
    loss = 0.05551477521657944
    val_loss = 0.05551477521657944
    