
    model = "Linear"
    epochs = 10
    sigma = 0.03
    mae = 0.0368879996240139
    val_mae =  0.10378541797399521
    loss = 0.002169582527130842
    val_loss = 0.002169582527130842
    