
    model = "Linear"
    epochs = 10
    sigma = 0.03
    mae = 0.06060254946351051
    val_mae =  0.1048102155327797
    loss = 0.006918180268257856
    val_loss = 0.006918180268257856
    