
    model = "Linear"
    epochs = 5
    sigma = 0.01
    mae = 0.04298653081059456
    val_mae =  0.1197071224451065
    loss = 0.0032674442045390606
    val_loss = 0.0032674442045390606
    