
    model = "Linear"
    epochs = 3
    sigma = 0.01
    mae = 0.1403675526380539
    val_mae =  0.13952507078647614
    loss = 0.04059503227472305
    val_loss = 0.04059503227472305
    