
    model = "LSTM"
    epochs = 20
    sigma = 0.01
    mae = 0.2135334610939026
    val_mae =  0.26554909348487854
    loss = 0.0728088915348053
    val_loss = 0.0728088915348053
    