
    model = "Linear"
    epochs = 3
    sigma = 0.01
    mae = 0.12812983989715576
    val_mae =  0.1772909015417099
    loss = 0.03395504131913185
    val_loss = 0.03395504131913185
    