
    model = "Linear"
    epochs = 10
    sigma = 0.03
    mae = 0.34632471203804016
    val_mae =  0.2355114370584488
    loss = 0.2802755832672119
    val_loss = 0.2802755832672119
    