
    model = "Linear"
    epochs = 10
    sigma = 0.03
    mae = 0.18167446553707123
    val_mae =  0.6584798097610474
    loss = 0.06648360192775726
    val_loss = 0.06648360192775726
    