
    model = "Linear"
    epochs = 10
    sigma = 0.03
    mae = 0.05564824864268303
    val_mae =  0.04295783117413521
    loss = 0.006252240855246782
    val_loss = 0.006252240855246782
    